% -------------------------------------------------------------------
%  Generated by MATLAB on 4-Feb-2020 15:31:35
%  MATLAB version: 9.4.0.813654 (R2018a)
% -------------------------------------------------------------------
                                        

Results = reshape([17.896606523120195 15.972575480988205 16.25975906110834 ...
                   18.372239328495464 17 NaN 12 NaN NaN 9 NaN NaN NaN 6 ...
                   NaN NaN 16.499032790995287 16.078777526890807 15.936249173895934 ...
                   NaN 16.015042942005582 NaN NaN 16.918179668114721 NaN ...
                   NaN NaN 12 NaN NaN NaN 16.61335323390918 16.594487861315592 ...
                   NaN 15.6820190986914 NaN NaN 14.873133558384593 NaN ...
                   NaN NaN 14.844029874878007 NaN NaN NaN NaN 16.779566265664183 ...
                   NaN 16.255050427580198 NaN NaN 15.671668237079118 NaN ...
                   NaN NaN 15.451200153809832 NaN NaN NaN NaN NaN NaN 16.411674625578023 ...
                   NaN NaN 15.341245015953065 NaN NaN NaN 14.826298079217425 ...
                   NaN NaN NaN NaN NaN NaN 17.866643420124312 NaN NaN 17.304968086239914 ...
                   NaN NaN NaN 15.974454233508085 NaN NaN NaN NaN NaN NaN ...
                   NaN NaN NaN 17.993273332940209 NaN NaN NaN 14.351134366640409 ...
                   0.99999984820102816 0.73106745417167973 0.665253712468156 ...
                   0.64392900735044822 0.63642439167131715 NaN 0.63271394379600776 ...
                   NaN NaN 0.63216585298483163 NaN NaN NaN 0.63213769096131045 ...
                   NaN NaN 0.90997555052142232 0.8808065552989448 0.87054127223915978 ...
                   NaN 0.86546588849182271 NaN NaN 0.86471617544136792 ...
                   NaN NaN NaN 0.8646776536560532 NaN NaN NaN 0.96794489511237336 ...
                   0.95666387904579719 NaN 0.95108667856679885 NaN NaN ...
                   0.95026279618859211 NaN NaN NaN 0.95022046343194089 ...
                   NaN NaN NaN NaN 0.98834528318280868 NaN 0.98258338433938341 ...
                   NaN NaN 0.981732218565402 NaN NaN NaN 0.98168848389412522 ...
                   NaN NaN NaN NaN NaN NaN 0.99416902665692108 NaN NaN ...
                   0.99330864743081693 NaN NaN NaN 0.99326439909195519 ...
                   NaN NaN NaN NaN NaN NaN 0.99843125397484112 NaN NaN ...
                   0.9975671861085329 NaN NaN NaN 0.99752274806704144 NaN ...
                   NaN NaN NaN NaN NaN NaN NaN NaN 0.99913374421669476 ...
                   NaN NaN NaN 0.99908923639065617 43.7 60.7 77.600000000000009 ...
                   -1 -1 NaN -1 NaN NaN -1 NaN NaN NaN -1 NaN NaN 52.1 ...
                   59.300000000000004 66.100000000000009 NaN -1 NaN NaN ...
                   -1 NaN NaN NaN -1 NaN NaN NaN 49.300000000000004 53.800000000000004 ...
                   NaN 61.6 NaN NaN 72.4 NaN NaN NaN -1 NaN NaN NaN NaN ...
                   47.6 NaN 53.5 NaN NaN 60.7 NaN NaN NaN 69.9 NaN NaN ...
                   NaN NaN NaN NaN 49.300000000000004 NaN NaN 54.5 NaN ...
                   NaN NaN 60.5 NaN NaN NaN NaN NaN NaN 45.800000000000004 ...
                   NaN NaN 50.800000000000004 NaN NaN NaN 56.2 NaN NaN ...
                   NaN NaN NaN NaN NaN NaN NaN 48.7 NaN NaN NaN 52 0.7064104005864037 ...
                   0.709172534267134 0.70324451827033063 0.69723823683291519 ...
                   0.69115094529653542 NaN 0.59460406208245142 NaN NaN ...
                   0.54711090765278192 NaN NaN NaN 0.517617093260736 NaN ...
                   NaN 0.70734792080326869 0.704324280944635 0.70027391857950316 ...
                   NaN 0.69289337145674568 NaN NaN 0.68461905894672215 ...
                   NaN NaN NaN 0.62496786088827627 NaN NaN NaN 0.712892141079766 ...
                   0.71134033437845412 NaN 0.70598050816241054 NaN NaN ...
                   0.69966100411866994 NaN NaN NaN 0.69273392360411 NaN ...
                   NaN NaN NaN 0.7072356260215924 NaN 0.7072356260215924 ...
                   NaN NaN 0.7072356260215924 NaN NaN NaN 0.7072356260215924 ...
                   NaN NaN NaN NaN NaN NaN 0.7064104005864037 NaN NaN 0.7064104005864037 ...
                   NaN NaN NaN 0.7064104005864037 NaN NaN NaN NaN NaN NaN ...
                   0.7064104005864037 NaN NaN 0.7064104005864037 NaN NaN ...
                   NaN 0.7064104005864037 NaN NaN NaN NaN NaN NaN NaN NaN ...
                   NaN 0.7064104005864037 NaN NaN NaN 0.7064104005864037 ...
                   0.25176557339071526 0.25185102187886726 0.26713128756017668 ...
                   0.27988595910416464 0.28972184063815393 NaN 0.39389225979549425 ...
                   NaN NaN 0.46002832080259931 NaN NaN NaN 0.48493303505754026 ...
                   NaN NaN 0.25176557339071526 0.25176557339071526 0.26328763232397134 ...
                   NaN 0.27745780697638511 NaN NaN 0.28753507402847445 ...
                   NaN NaN NaN 0.35681545063413722 NaN NaN NaN 0.25176557339071526 ...
                   0.25176557339071526 NaN 0.25735965470080846 NaN NaN ...
                   0.26860578296526239 NaN NaN NaN 0.27661846009561564 ...
                   NaN NaN NaN NaN 0.25176557339071526 NaN 0.25176557339071526 ...
                   NaN NaN 0.25176557339071526 NaN NaN NaN 0.2571413536773634 ...
                   NaN NaN NaN NaN NaN NaN 0.25176557339071526 NaN NaN ...
                   0.25176557339071526 NaN NaN NaN 0.25176557339071526 ...
                   NaN NaN NaN NaN NaN NaN 0.25176557339071526 NaN NaN ...
                   0.25176557339071526 NaN NaN NaN 0.25176557339071526 ...
                   NaN NaN NaN NaN NaN NaN NaN NaN NaN 0.25176557339071526 ...
                   NaN NaN NaN 0.25176557339071526], 14, 7, 5);

