% -------------------------------------------------------------------
%  Generated by MATLAB on 4-Feb-2020 22:07:46
%  MATLAB version: 9.4.0.813654 (R2018a)
% -------------------------------------------------------------------
                                        

Results = reshape([15.563963760918341 11.852761950679426 11.054103498758316 ...
                   10.873766124935127 10.81467325232048 NaN 10.562714707563604 ...
                   NaN NaN NaN NaN NaN NaN 9.7007962241616248 NaN NaN 13.064661928865455 ...
                   12.391025066980408 12.30507223551354 NaN 12.333244858710231 ...
                   NaN NaN NaN NaN NaN NaN 11.120921823845084 NaN NaN NaN ...
                   13.502850641478794 12.927257395497984 NaN 15.229107532371692 ...
                   NaN NaN NaN NaN NaN NaN 10.089590479072678 NaN NaN NaN ...
                   NaN 13.650136730499984 NaN 13.397549428194026 NaN NaN ...
                   NaN NaN NaN NaN 12.587734816156669 NaN NaN NaN NaN NaN ...
                   NaN 15.217367901995789 NaN NaN NaN NaN NaN NaN 14.738536728714031 ...
                   NaN NaN NaN NaN NaN NaN 15.45537197831306 NaN NaN NaN ...
                   NaN NaN NaN 15.000338482740345 NaN NaN NaN NaN NaN NaN ...
                   NaN NaN NaN NaN NaN NaN NaN 15.11572552601894 2.988784542340571 ...
                   2.0329895144334138 2.0329895144334138 2.0329895144334138 ...
                   2.0583848286542148 NaN 2.1936170156076016 NaN NaN NaN ...
                   NaN NaN NaN 2.3360188131344835 NaN NaN 2.746641442158114 ...
                   2.746641442158114 2.746641442158114 NaN 2.767627658907279 ...
                   NaN NaN NaN NaN NaN NaN 2.9909169726498694 NaN NaN NaN ...
                   2.988784542340571 2.988784542340571 NaN 2.988784542340571 ...
                   NaN NaN NaN NaN NaN NaN 2.988784542340571 NaN NaN NaN ...
                   NaN 2.988784542340571 NaN 2.988784542340571 NaN NaN ...
                   NaN NaN NaN NaN 2.988784542340571 NaN NaN NaN NaN NaN ...
                   NaN 2.988784542340571 NaN NaN NaN NaN NaN NaN 2.988784542340571 ...
                   NaN NaN NaN NaN NaN NaN 2.988784542340571 NaN NaN NaN ...
                   NaN NaN NaN 2.988784542340571 NaN NaN NaN NaN NaN NaN ...
                   NaN NaN NaN NaN NaN NaN NaN 2.988784542340571 31.400000000000002 ...
                   41.7 46.300000000000004 49.300000000000004 51.800000000000004 ...
                   NaN 56.300000000000004 NaN NaN NaN NaN NaN NaN 70.8 ...
                   NaN NaN 37.300000000000004 38.900000000000006 39.5 NaN ...
                   40.900000000000006 NaN NaN NaN NaN NaN NaN 44.800000000000004 ...
                   NaN NaN NaN 36.1 36 NaN 34.300000000000004 NaN NaN NaN ...
                   NaN NaN NaN 38 NaN NaN NaN NaN 32.800000000000004 NaN ...
                   33 NaN NaN NaN NaN NaN NaN 32.7 NaN NaN NaN NaN NaN ...
                   NaN 31.5 NaN NaN NaN NaN NaN NaN 31.400000000000002 ...
                   NaN NaN NaN NaN NaN NaN 31.400000000000002 NaN NaN NaN ...
                   NaN NaN NaN 31.3 NaN NaN NaN NaN NaN NaN NaN NaN NaN ...
                   NaN NaN NaN NaN 31.3 0.63500725491813981 0.70213799841802738 ...
                   0.708446430056429 0.70359114253813471 0.69647889767314819 ...
                   NaN 0.6854437981357302 NaN NaN NaN NaN NaN NaN 0.671061450578501 ...
                   NaN NaN 0.67510146715047981 0.67510146715047981 0.67510146715047981 ...
                   NaN 0.67510146715047981 NaN NaN NaN NaN NaN NaN 0.67510146715047981 ...
                   NaN NaN NaN 0.64104971295477609 0.64104971295477609 ...
                   NaN 0.64104971295477609 NaN NaN NaN NaN NaN NaN 0.64104971295477609 ...
                   NaN NaN NaN NaN 0.63500725491813981 NaN 0.63500725491813981 ...
                   NaN NaN NaN NaN NaN NaN 0.63500725491813981 NaN NaN ...
                   NaN NaN NaN NaN 0.63500725491813981 NaN NaN NaN NaN ...
                   NaN NaN 0.63500725491813981 NaN NaN NaN NaN NaN NaN ...
                   0.63500725491813981 NaN NaN NaN NaN NaN NaN 0.63500725491813981 ...
                   NaN NaN NaN NaN NaN NaN NaN NaN NaN NaN NaN NaN NaN ...
                   0.63500725491813981 0.25019704806541504 0.25019704806541504 ...
                   0.25019704806541504 0.25019704806541504 0.25019704806541504 ...
                   NaN 0.25019704806541504 NaN NaN NaN NaN NaN NaN 0.25851128617165503 ...
                   NaN NaN 0.25019704806541504 0.25019704806541504 0.25019704806541504 ...
                   NaN 0.25019704806541504 NaN NaN NaN NaN NaN NaN 0.25019704806541504 ...
                   NaN NaN NaN 0.25019704806541504 0.25019704806541504 ...
                   NaN 0.25019704806541504 NaN NaN NaN NaN NaN NaN 0.25019704806541504 ...
                   NaN NaN NaN NaN 0.25019704806541504 NaN 0.25019704806541504 ...
                   NaN NaN NaN NaN NaN NaN 0.25019704806541504 NaN NaN ...
                   NaN NaN NaN NaN 0.25019704806541504 NaN NaN NaN NaN ...
                   NaN NaN 0.25019704806541504 NaN NaN NaN NaN NaN NaN ...
                   0.25019704806541504 NaN NaN NaN NaN NaN NaN 0.25019704806541504 ...
                   NaN NaN NaN NaN NaN NaN NaN NaN NaN NaN NaN NaN NaN ...
                   0.25019704806541504], 14, 7, 5);

